      0.00       0.00 
      0.10       0.16 
      0.20       0.32 
      0.30       0.36 
      0.40       0.52 
      0.50       0.74 
      0.60       0.72 
      0.70       1.36 
      0.80       0.92 
      0.90       1.07 
      1.00       1.11 
      1.10       1.34 
      1.20       2.05 
      1.30       2.08 
      1.40       6.34 
      1.50       7.06 
      1.60      -5.33 
      1.70      -5.97 
      1.80      -3.23 
      1.90      -0.34 
      2.00       0.67 
      2.10       0.42 
      2.20       0.25 
      2.30       0.08 
      2.40       0.44 
      2.50       0.15 
      2.60       0.09 
      2.70       0.32 
      2.80       0.29 
      2.90       0.17 
      3.00       0.10 
      3.10       0.02 
      3.20      -0.03 
      3.30      -0.14 
      3.40      -0.19 
      3.50      -0.05 
      3.60      -0.43 
      3.70       0.05 
      3.80      -0.05 
      3.90      -0.22 
      4.00      -0.09 
      4.10      -0.48 
      4.20      -0.06 
      4.30       1.29 
      4.40       0.74 
      4.50       1.44 
      4.60       1.06 
      4.70      38.46 
      4.80      -8.10 
      4.90      -4.56 
      5.00      -2.30 
      5.10      -1.83 
      5.20      -2.75 
      5.30      -0.89 
      5.40      -1.85 
      5.50      -1.61 
      5.60      -1.28 
      5.70      -0.62 
      5.80      -0.60 
      5.90      -0.51 
      6.00      -0.48 
      6.10      -0.21 
      6.20      -0.14 
      6.30       0.02 
      6.40       0.19 
      6.50       0.32 
      6.60       0.57 
      6.70       0.72 
      6.80       1.01 
      6.90       1.21 
      7.00       0.95 
      7.10       1.47 
      7.20       1.05 
      7.30       0.90 
      7.40       2.42 
      7.50       2.29 
      7.60       2.82 
      7.70       6.82 
      7.80      12.29 
      7.90     -12.41 
      8.00      -4.85 
      8.10      -2.24 
      8.20      -0.66 
      8.30       0.52 
      8.40       0.46 
      8.50      -0.38 
      8.60       0.70 
      8.70       0.23 
      8.80       0.46 
      8.90      -0.07 
      9.00       0.09 
      9.10       0.15 
      9.20       0.12 
      9.30       0.12 
      9.40       0.01 
      9.50      -0.07 
      9.60      -0.16 
      9.70      -0.12 
      9.80      -0.33 
      9.90      -0.04 
     10.00      -0.01 
