27,43,27,98,92,33,62,81,78,29,78,74,65,41,14,85,48,80,92,56,54,65,16,32,49,39,63,45,99,30,47,23,87,60,37,8,51,47,44,34,34,74,26,34,65,98,83,27,78,52,40,12,91,71,20,93,62,37,43,85,38,97,89,29,42,64,35,93,97,87,38,66,46,22,77,39,89,14,83,3,86,91,39,6,57,79,38,72,83,36,27,26,61,98,3,81,45,54,76,99
92,75,57,33,98,53,41,68,49,37,45,62,76,95,34,1,59,58,62,64,10,80,22,21,49,58,18,22,79,15,35,28,16,16,50,62,81,70,92,65,45,25,41,1,19,37,95,61,4,23,63,37,26,12,78,14,35,35,42,96,68,86,52,54,93,31,10,32,72,98,56,96,4,60,95,44,45,48,85,25,41,83,15,62,21,42,81,83,97,82,81,59,41,14,31,69,27,44,95,53
46,42,91,65,5,43,97,73,8,11,53,40,21,63,11,34,22,79,12,26,85,30,15,39,7,75,88,76,4,53,47,96,13,23,20,91,58,46,18,52,79,46,49,23,66,41,40,83,16,78,41,29,67,77,31,18,11,20,31,30,71,62,47,22,18,54,54,78,27,85,3,2,30,20,77,83,92,20,72,81,81,40,88,83,58,12,5,48,45,61,52,71,71,6,71,79,80,26,26,97
38,61,37,85,74,87,85,29,76,15,93,41,93,17,42,73,25,74,76,33,31,17,4,53,63,46,98,63,62,11,89,98,20,27,33,90,20,38,13,53,18,14,68,50,91,53,20,77,67,48,46,20,66,83,11,28,87,44,63,75,94,3,67,73,47,1,84,80,83,11,87,75,64,69,61,48,12,24,98,34,93,7,26,81,25,49,54,4,9,16,60,35,13,92,100,45,30,16,9,1
85,75,17,67,3,39,85,60,54,60,62,35,34,93,76,93,69,77,59,38,8,26,87,98,88,8,9,74,12,83,12,16,26,48,52,98,4,87,18,56,31,71,6,58,34,63,23,58,58,31,38,55,14,61,48,40,60,53,55,77,29,5,68,43,82,66,35,88,44,75,37,85,84,21,75,62,38,80,70,27,49,60,56,51,15,85,100,5,71,14,89,48,99,46,7,16,93,90,90,36
88,87,93,96,98,51,8,84,26,46,69,3,26,48,40,40,53,94,82,57,28,41,13,91,92,4,52,30,75,100,96,76,72,24,42,98,53,78,24,82,81,70,74,39,80,92,69,6,18,58,45,4,32,97,59,47,7,76,52,94,82,98,70,81,99,40,55,15,34,86,42,3,52,82,5,81,16,70,27,72,23,75,30,26,10,13,11,8,16,86,41,12,16,81,98,86,36,99,93,20
26,88,21,73,81,79,78,100,76,4,67,22,48,75,21,29,29,60,100,4,71,21,15,81,41,24,60,60,76,31,45,70,97,19,98,39,5,92,1,1,24,36,22,84,54,24,75,92,58,21,25,49,40,73,36,55,1,42,7,28,39,90,13,89,3,75,51,36,59,93,75,46,21,81,63,20,21,67,82,43,87,71,5,56,11,14,46,80,67,29,37,65,10,68,35,1,75,95,67,83
33,27,2,41,79,10,58,20,11,16,6,84,75,55,100,44,32,84,21,88,27,63,30,68,25,99,20,43,26,78,60,68,33,80,18,72,66,12,94,78,81,80,95,55,54,46,2,97,50,50,3,66,2,11,28,10,9,31,57,16,20,5,51,66,54,4,18,44,38,28,18,11,1,55,7,99,66,18,86,34,66,64,8,79,65,4,58,81,53,66,31,6,89,32,69,6,2,25,26,51
96,38,74,40,98,58,16,27,73,97,91,6,55,56,81,65,97,3,91,68,88,67,73,22,5,37,26,1,18,82,52,80,79,15,8,24,90,46,85,32,90,43,68,21,18,81,79,15,13,71,12,66,13,23,86,43,45,95,65,60,28,49,14,44,9,77,31,64,53,63,85,79,40,74,43,27,50,53,56,50,29,89,38,58,51,73,14,78,87,93,96,14,93,71,52,33,17,97,17,73
73,98,28,25,57,66,70,39,8,74,31,51,66,59,46,11,49,1,21,88,93,26,89,57,25,53,13,54,3,28,96,14,21,30,21,56,58,54,68,7,82,56,44,24,71,58,84,46,22,64,100,57,30,53,58,75,23,25,6,15,95,46,74,21,61,7,19,51,25,28,89,50,70,94,31,96,33,44,27,97,39,68,74,60,97,43,16,96,58,81,55,27,94,56,16,78,27,36,10,78
21,70,8,43,64,98,38,39,81,82,85,79,60,7,67,89,25,76,14,20,27,68,24,23,16,46,57,73,74,14,88,30,29,22,51,87,17,78,10,23,54,77,95,25,5,82,82,95,45,3,13,31,60,23,56,75,71,95,34,82,5,8,32,36,9,33,74,75,75,93,36,95,77,38,21,14,46,77,10,19,7,67,55,14,9,50,100,86,79,16,10,48,57,67,5,72,38,65,36,11
66,57,69,49,86,22,9,50,82,70,74,98,32,47,52,81,65,18,69,45,37,29,14,47,44,31,9,19,69,13,72,48,26,64,27,96,67,53,75,12,67,7,61,62,57,28,20,60,15,36,29,51,60,16,44,84,88,79,77,51,40,11,17,14,50,91,48,84,91,99,84,89,64,34,18,13,55,100,79,82,4,70,78,64,85,8,86,10,40,72,47,32,85,86,36,61,52,92,99,86
10,28,25,55,49,9,31,9,33,10,63,13,27,48,70,19,68,67,45,38,82,93,97,12,25,65,84,24,28,89,36,68,36,13,55,56,38,43,10,73,24,23,41,30,80,86,43,65,78,79,31,95,22,58,30,71,14,19,41,85,40,89,78,66,77,80,94,18,34,79,74,82,89,64,94,34,96,49,31,8,41,57,37,67,63,72,15,82,10,77,87,56,62,34,42,16,15,9,52,88
91,40,50,92,61,64,97,11,67,23,8,29,10,56,12,7,74,50,44,4,11,5,45,30,52,16,99,25,51,39,67,87,20,35,6,70,57,46,42,47,60,6,22,58,54,39,19,39,83,29,99,47,47,14,43,61,49,87,47,14,89,65,80,37,81,31,94,93,81,21,88,90,82,7,100,37,36,37,69,18,6,2,85,23,42,15,72,6,86,2,59,83,34,68,37,25,55,56,93,34
59,47,27,27,23,15,24,69,31,98,28,6,98,32,34,12,32,80,76,10,21,53,83,37,99,62,62,91,79,73,52,4,24,68,27,49,33,91,89,57,37,44,75,18,66,26,55,35,37,53,15,15,16,66,62,44,45,20,60,98,75,90,97,13,36,6,86,6,8,61,65,68,83,4,46,46,9,59,62,84,17,51,44,15,34,60,81,26,42,11,89,97,85,6,31,41,84,29,50,42
52,46,19,21,73,65,53,24,97,23,25,40,8,31,19,38,83,96,40,5,38,64,40,44,22,16,51,17,100,100,45,25,41,8,5,65,84,94,16,55,57,8,8,71,27,87,2,95,58,29,17,98,63,29,6,14,62,63,46,26,99,13,65,70,10,21,14,13,65,7,28,28,52,43,82,82,38,56,68,58,9,66,57,19,87,81,24,16,66,33,7,87,48,86,13,87,76,97,73,34
13,1,50,97,11,5,78,22,21,51,55,52,34,39,70,6,92,50,80,89,77,30,63,49,1,77,49,73,51,96,6,97,89,57,83,92,99,34,88,93,99,9,27,66,2,40,17,63,93,93,46,99,71,39,7,70,32,83,31,78,27,61,23,24,56,40,10,99,34,93,73,75,57,50,37,38,34,55,63,62,80,54,75,75,32,89,88,45,43,65,62,64,76,85,94,62,57,54,32,100
38,61,62,4,83,41,19,62,91,73,3,99,36,86,51,34,5,43,17,32,11,80,76,47,78,81,38,68,51,87,58,86,49,78,70,61,63,48,100,59,76,15,35,20,87,67,31,7,98,27,24,8,78,29,99,61,57,58,75,38,48,18,55,14,96,58,20,37,81,92,60,44,67,7,11,12,27,100,47,16,53,13,94,55,11,23,45,57,18,16,35,1,25,60,48,96,80,84,27,94
24,14,61,33,34,79,50,32,17,69,13,100,42,86,98,39,4,46,59,31,95,77,61,86,3,78,22,89,37,41,98,12,46,53,12,94,27,13,54,49,81,70,6,41,52,74,64,99,65,86,60,71,82,69,61,86,94,56,13,58,15,31,38,38,9,92,85,65,61,16,96,38,11,10,31,39,63,90,85,9,97,77,94,82,36,43,46,84,7,64,10,54,33,43,34,72,7,31,30,88
94,3,33,61,20,45,57,22,13,92,94,99,24,5,26,59,51,11,10,12,81,36,51,19,46,58,4,10,81,53,20,64,93,66,23,27,65,71,28,56,27,17,76,15,50,18,10,48,43,41,34,49,97,56,3,28,17,75,72,86,91,57,5,49,92,83,62,69,10,22,55,48,44,80,22,5,79,30,7,82,75,44,71,84,74,2,50,76,28,55,29,90,40,32,51,91,7,98,58,30
69,85,41,32,52,36,34,32,53,32,17,95,13,6,92,89,71,93,20,11,58,43,21,32,95,86,54,84,24,68,53,93,4,17,89,89,15,1,47,20,71,79,81,61,60,66,67,47,49,93,79,65,2,88,56,97,98,97,99,34,95,37,55,17,32,96,21,64,83,34,87,51,47,78,76,29,14,20,60,17,67,40,91,76,95,57,48,93,65,45,32,62,74,93,84,43,80,70,73,44
28,45,64,47,48,47,92,81,8,52,81,21,6,67,4,45,51,93,69,61,4,43,89,79,98,15,4,93,39,59,35,52,46,43,38,37,78,1,99,77,5,2,59,74,83,9,80,12,36,94,78,67,37,69,34,16,45,33,26,73,86,19,74,40,53,58,52,19,80,22,75,17,28,100,41,78,77,11,95,32,44,58,19,47,83,34,67,85,21,55,30,21,58,41,74,99,37,77,86,5
92,85,61,6,22,52,75,39,63,35,9,40,19,74,22,6,5,61,63,20,92,14,23,47,65,60,36,54,28,40,14,32,68,69,28,91,74,14,26,41,68,58,45,4,45,32,37,83,36,68,8,1,88,46,51,6,34,80,76,51,38,69,93,22,6,20,100,60,50,54,14,5,49,66,52,83,36,7,79,36,36,33,23,75,76,32,91,89,82,40,10,18,93,79,92,44,97,57,12,45
48,95,73,36,50,24,22,65,55,73,91,67,17,58,23,66,98,34,68,25,43,98,11,19,26,31,83,60,16,73,5,60,88,99,37,54,46,92,39,81,90,19,15,79,51,19,10,84,35,88,80,74,63,84,19,70,82,97,9,1,53,76,5,60,24,72,91,13,3,9,5,35,4,40,90,69,48,3,99,87,43,61,14,21,73,53,85,13,62,5,5,85,1,68,73,88,65,29,85,48
51,100,65,55,50,97,87,88,76,83,37,33,98,50,31,2,75,39,38,51,29,45,24,13,55,61,3,13,65,50,58,67,91,57,19,59,40,64,56,54,14,100,48,15,93,28,7,51,11,4,25,20,78,49,52,80,35,26,84,82,37,49,86,21,38,92,54,99,72,50,92,17,41,42,25,17,67,8,27,47,81,29,4,79,16,32,84,45,56,93,43,78,47,25,48,65,63,2,38,57
94,73,22,4,41,86,54,42,75,96,3,68,16,45,68,58,83,98,72,9,24,80,70,52,63,23,25,77,99,85,30,45,97,93,28,27,97,61,28,74,72,53,95,42,43,58,46,97,59,37,31,62,78,90,46,41,83,77,82,82,75,65,98,63,73,70,38,30,95,96,35,46,78,25,35,91,51,73,87,98,5,57,32,27,76,47,23,56,47,35,14,65,76,89,68,61,98,3,84,71
50,47,67,24,30,67,48,31,48,79,93,72,17,58,43,23,4,74,100,83,47,67,3,72,26,80,83,79,16,16,61,100,18,19,27,21,87,88,11,53,65,30,34,74,40,60,58,67,40,17,74,32,67,75,31,70,13,10,14,71,31,8,9,3,89,48,20,92,46,64,13,37,97,4,93,86,19,99,13,97,88,2,37,47,75,6,49,97,64,79,67,13,11,70,59,3,93,37,94,19
26,74,57,9,98,79,40,39,6,91,46,38,54,83,38,13,97,9,53,57,62,72,82,10,84,47,67,41,75,73,52,91,27,69,2,67,37,18,68,69,49,9,56,58,12,61,35,69,84,66,82,13,46,42,25,44,50,13,85,63,98,19,17,100,27,89,34,54,29,62,76,64,21,86,55,62,83,19,53,55,17,38,44,48,64,41,47,43,39,76,70,21,6,89,87,34,33,78,85,23
29,95,89,64,77,24,10,83,36,64,6,5,70,68,65,16,23,26,31,43,1,95,21,78,97,43,63,7,43,10,59,18,26,72,27,46,67,7,18,87,20,63,25,86,8,45,96,10,65,56,20,99,56,11,13,25,51,23,81,95,74,7,76,59,31,49,25,98,24,27,16,77,4,25,42,7,37,68,95,66,95,25,47,58,17,61,52,80,3,95,55,75,98,59,97,91,62,51,38,39
73,5,92,38,7,19,72,97,84,29,79,32,27,45,53,34,86,26,91,81,70,33,78,21,48,59,12,62,97,64,24,41,45,13,2,100,66,59,89,36,34,53,77,59,19,67,42,75,76,83,52,6,54,66,25,73,11,81,27,82,58,59,71,19,14,64,16,41,77,15,46,24,2,53,13,8,56,34,50,100,48,26,41,74,61,73,74,95,4,4,3,5,35,87,75,59,37,20,97,28
10,4,88,72,59,1,96,51,38,4,81,24,96,63,10,35,43,81,11,21,93,4,25,53,30,40,84,65,81,35,33,94,5,97,68,95,9,81,30,7,75,39,34,99,26,100,25,38,91,98,54,84,67,70,21,92,82,47,28,31,10,99,37,75,52,28,72,43,4,71,22,16,22,60,68,21,67,41,59,5,3,58,68,88,99,41,45,51,6,19,35,92,40,22,50,20,54,57,45,81
56,36,31,89,48,32,94,39,7,61,30,49,75,15,61,61,56,4,100,6,84,69,89,15,83,59,66,94,98,34,94,100,30,54,19,38,53,3,30,48,57,1,97,59,95,18,24,82,57,64,16,73,40,91,76,32,92,83,25,79,67,29,93,12,1,65,11,86,71,37,27,13,93,64,47,9,55,27,67,1,36,1,55,98,99,64,60,9,22,93,99,38,56,18,24,45,44,35,93,36
97,32,43,93,43,5,97,59,18,78,18,52,48,48,27,68,22,87,83,56,62,19,36,44,44,10,32,7,99,83,92,16,37,80,21,46,8,59,79,23,49,52,53,62,6,10,52,2,62,80,86,87,92,1,84,87,23,90,21,44,74,16,22,4,7,69,39,70,46,8,39,57,68,59,39,6,1,54,58,68,90,11,86,97,92,1,75,97,20,79,57,37,66,95,49,27,100,93,67,51
26,13,44,9,74,61,12,51,44,28,51,10,56,21,27,86,85,15,75,51,55,9,7,17,69,82,58,4,78,15,92,99,33,56,89,93,76,26,8,22,52,59,52,85,94,46,81,28,2,52,23,43,82,58,61,46,20,33,27,73,37,14,94,38,40,91,54,42,40,97,68,15,69,67,67,99,9,85,14,82,11,87,96,50,73,22,19,65,91,53,73,11,2,95,10,21,40,40,21,21
30,82,9,49,82,65,39,94,77,42,77,92,57,98,45,27,43,55,76,48,73,81,76,78,1,15,87,78,97,7,50,6,57,29,23,23,43,43,40,86,87,96,67,21,15,44,16,95,29,5,73,20,44,55,25,97,28,79,67,30,50,87,82,21,63,33,59,99,63,71,44,55,79,10,11,19,82,20,52,64,84,10,25,5,59,75,17,23,36,18,42,63,41,6,15,97,78,29,49,53
30,9,46,44,99,39,96,77,65,50,25,29,20,32,80,78,5,83,33,47,68,2,66,23,37,57,5,23,64,74,8,80,23,24,72,80,46,92,58,79,2,8,26,76,57,72,3,22,30,26,80,48,31,80,34,57,83,72,16,88,24,100,23,44,43,17,88,47,64,64,18,5,48,56,42,74,23,73,51,99,60,69,85,65,97,65,74,78,60,19,46,83,63,5,88,95,87,67,66,5
11,54,92,85,52,81,5,96,98,14,44,7,77,54,71,14,56,7,3,82,57,61,41,39,39,48,17,52,2,57,52,75,23,28,36,75,86,86,21,16,41,15,40,1,16,15,86,48,7,25,79,36,84,21,85,55,41,32,62,5,27,42,17,91,57,82,25,83,34,27,40,28,88,75,48,86,34,71,50,21,41,15,72,7,3,53,89,43,90,65,31,49,88,68,8,85,74,9,5,36
46,6,18,49,97,58,56,99,64,2,36,78,97,82,40,100,41,90,69,18,90,75,72,43,37,9,78,25,26,17,52,69,6,72,26,83,77,76,75,28,7,44,15,2,88,47,74,7,34,81,44,81,26,52,16,93,100,67,25,49,100,22,79,49,26,22,87,50,8,75,75,32,61,18,59,50,23,6,94,42,45,74,21,20,4,100,60,23,33,13,21,2,83,26,11,82,39,86,81,32
80,18,37,9,35,63,63,94,61,31,61,86,86,4,32,95,77,16,32,87,5,97,42,74,43,70,30,93,72,98,46,2,68,15,44,36,66,58,35,26,83,25,19,11,14,47,93,77,25,97,96,25,4,16,76,23,47,55,86,23,92,65,96,73,40,17,58,76,40,74,87,20,26,41,78,88,83,53,81,40,50,57,69,64,46,87,36,100,22,72,7,30,45,9,98,93,42,48,12,98
64,62,44,86,81,24,86,84,16,16,32,13,71,70,45,13,77,72,11,54,91,63,92,52,70,79,40,37,73,48,91,54,52,43,58,10,38,50,25,19,69,31,15,25,55,45,11,49,4,56,26,56,88,20,56,71,49,73,98,48,58,50,48,39,67,79,82,57,1,93,93,77,79,86,72,46,88,77,94,76,72,25,45,54,26,5,50,68,36,74,16,67,8,57,34,6,25,86,89,96
94,93,67,89,85,59,5,14,53,1,4,15,99,4,15,68,6,53,5,10,54,16,39,6,39,78,8,66,82,51,45,80,10,98,15,82,1,77,52,59,70,34,35,46,50,63,6,54,56,19,22,73,74,65,20,92,100,58,15,59,39,16,90,74,43,73,83,84,54,100,34,52,16,29,48,37,21,31,79,99,64,81,78,23,26,85,38,84,42,50,66,20,86,75,47,58,27,18,18,55
14,34,20,23,54,81,29,38,42,3,13,43,19,77,43,45,99,82,45,64,39,44,55,47,50,96,54,54,22,72,71,4,32,69,80,18,64,13,80,45,31,68,60,21,49,71,89,59,88,68,15,15,8,22,29,68,67,48,30,98,17,43,68,73,21,33,9,21,74,16,91,7,50,91,59,15,30,58,61,35,47,22,32,17,16,41,9,24,85,32,60,3,15,29,18,17,19,13,62,89
10,43,14,16,35,68,25,45,85,30,20,31,31,56,32,1,21,36,55,56,29,32,8,91,23,10,100,18,39,49,56,13,20,73,46,98,8,28,13,13,48,27,53,86,99,34,95,28,62,5,79,77,23,89,6,84,38,69,9,96,84,63,14,73,77,63,33,7,67,12,84,78,45,23,11,56,25,54,89,5,67,78,66,67,43,99,19,16,51,72,41,55,70,81,88,96,3,87,4,51
59,29,94,58,89,30,85,54,65,68,94,92,69,83,82,31,68,98,25,77,42,48,80,69,22,3,79,3,19,37,86,28,81,8,27,60,41,33,50,75,54,85,42,68,47,79,2,35,44,71,49,40,93,26,91,51,28,36,55,52,30,96,34,89,91,46,60,10,8,20,40,28,85,8,53,64,59,42,49,28,100,81,41,17,92,30,37,64,56,24,63,40,21,60,62,92,74,57,98,65
65,30,75,75,89,65,81,41,32,86,81,86,37,94,85,96,38,78,47,35,90,65,83,11,30,62,95,63,7,66,97,63,91,4,16,37,94,13,44,59,86,23,7,33,98,11,20,40,37,56,8,94,8,53,75,88,69,59,77,18,70,10,93,100,68,74,76,80,14,78,8,58,43,12,37,30,20,89,23,56,24,68,95,33,68,75,50,58,18,46,12,77,12,77,96,46,8,91,32,96
87,58,48,85,6,26,7,64,11,96,49,44,20,12,94,2,18,33,72,98,32,18,43,85,30,30,35,14,98,46,5,49,60,63,76,91,38,5,1,78,99,16,29,54,82,55,90,10,97,36,18,67,75,26,24,95,85,54,21,96,16,11,94,97,97,19,2,3,48,4,8,64,37,20,76,1,62,91,67,70,67,53,62,5,90,31,93,1,92,45,38,44,16,71,13,92,94,40,24,38
17,74,49,91,18,72,51,28,50,87,80,56,95,91,23,91,67,79,31,50,89,6,69,47,49,25,33,12,65,62,54,23,31,23,53,24,97,67,26,48,99,100,30,50,40,63,9,31,56,71,69,77,55,72,90,41,40,67,44,39,54,72,23,98,21,17,80,74,53,53,51,76,12,14,76,27,33,64,31,79,22,62,18,16,10,69,95,36,36,88,7,57,85,49,84,20,39,43,75,48
34,20,95,46,69,56,31,68,57,89,9,21,37,1,91,70,28,5,9,61,84,20,72,73,7,21,81,5,85,34,86,39,63,72,53,54,63,97,46,90,7,12,23,24,23,43,4,44,35,62,67,85,91,37,19,8,31,75,66,96,17,84,54,30,83,70,84,15,44,90,53,54,26,77,91,70,64,28,74,61,58,11,85,73,97,99,10,25,48,43,55,28,86,67,43,63,50,46,9,14
71,13,78,44,77,17,13,26,72,33,38,24,37,99,69,63,92,93,10,50,45,6,10,49,26,63,20,58,35,15,73,70,55,58,47,70,80,55,77,12,40,15,71,37,44,25,23,33,48,55,83,33,23,36,80,96,88,13,78,89,4,83,8,91,17,61,43,69,30,26,96,18,82,83,92,79,73,79,97,30,58,42,69,40,2,83,45,14,6,50,81,69,1,4,67,59,65,65,57,4
21,69,29,4,46,22,17,62,13,31,94,85,69,5,27,93,72,18,57,66,48,31,28,37,51,26,96,55,7,43,93,39,97,22,95,13,37,23,98,58,59,76,89,34,88,43,69,78,48,71,89,81,52,81,67,62,61,25,16,93,96,86,3,20,8,60,23,48,78,86,53,20,35,27,62,81,45,27,28,83,29,7,2,78,91,74,44,69,2,31,92,36,79,23,20,97,86,68,43,22
39,74,7,72,22,23,8,60,3,9,47,5,44,16,41,39,71,100,80,3,9,93,21,20,93,78,86,1,3,30,63,77,6,24,98,56,84,58,34,56,28,8,99,17,8,95,31,34,22,53,90,4,43,94,90,67,9,74,71,65,12,54,8,25,80,95,36,19,42,78,72,92,16,52,84,82,18,24,67,16,64,92,7,92,72,5,29,76,42,5,56,100,50,22,11,35,39,12,6,19
50,53,45,28,60,81,25,42,89,65,11,83,72,90,22,84,30,68,72,96,76,90,11,11,69,44,82,61,2,35,32,36,50,29,92,32,61,93,70,54,9,52,53,48,82,52,44,89,17,75,14,1,74,63,15,40,43,75,11,35,53,51,20,1,54,34,72,1,51,90,27,3,90,69,93,70,100,31,77,41,79,57,41,97,6,9,99,6,22,44,100,7,95,51,7,20,21,83,48,54
44,8,25,16,63,100,42,78,86,17,50,95,68,61,85,95,91,99,12,42,55,16,66,76,12,6,32,98,45,40,21,9,39,52,49,16,87,63,3,28,85,22,3,95,87,73,31,62,54,36,49,32,98,75,14,45,9,92,98,33,75,57,39,2,58,45,17,17,63,79,95,18,63,33,52,97,63,89,51,64,54,55,69,16,83,42,80,53,37,6,60,27,26,33,72,89,72,23,57,46
18,16,2,99,76,41,78,33,64,81,88,73,62,91,64,62,77,79,46,3,69,94,9,8,85,21,4,61,32,61,32,80,44,51,62,38,84,14,96,86,23,85,72,21,62,28,5,48,89,87,71,36,97,16,71,13,29,100,2,94,51,50,63,37,74,62,82,28,65,98,78,77,83,83,91,40,82,2,15,54,50,74,80,30,90,83,60,45,42,98,89,82,99,93,9,23,40,20,32,63
89,86,28,42,57,5,53,60,14,92,73,34,36,90,15,89,40,71,29,59,79,48,75,33,36,70,22,49,64,95,59,18,82,8,47,89,1,29,21,22,55,24,37,6,32,97,9,65,35,40,71,28,44,45,56,88,9,49,29,9,37,98,97,74,46,69,8,2,77,22,79,50,9,22,80,88,100,32,38,99,63,3,44,87,10,58,53,85,41,94,87,45,94,18,88,28,3,77,22,57
83,67,34,98,18,60,16,86,33,69,46,25,75,39,75,7,56,89,50,49,63,58,42,13,29,96,15,88,52,29,65,91,52,16,100,28,18,16,28,24,39,99,26,28,78,34,68,2,55,3,79,33,29,16,60,24,51,38,84,41,49,68,39,90,41,16,66,37,70,7,92,6,92,62,34,69,51,9,47,1,49,84,100,3,81,88,71,85,73,61,54,12,17,74,68,77,13,82,4,28
49,37,73,81,47,12,42,31,60,73,30,89,59,6,87,31,4,67,84,70,70,31,66,3,4,95,3,25,8,85,74,45,35,47,80,35,83,88,84,19,17,51,81,79,59,85,35,37,70,12,35,90,10,31,71,96,54,41,71,35,26,68,76,61,26,86,92,36,71,96,84,23,56,6,83,91,28,51,80,10,92,53,47,59,44,60,57,29,29,96,98,36,31,87,20,10,4,37,31,51
54,32,21,95,76,99,87,78,28,66,56,19,41,79,85,44,27,75,6,8,21,16,49,71,11,24,5,39,76,37,23,62,82,56,16,27,68,80,90,86,71,51,10,85,38,25,44,58,19,48,64,21,13,14,25,5,52,27,57,61,87,92,12,82,81,18,55,30,69,68,49,32,42,7,5,1,91,26,2,54,11,72,55,93,15,35,26,52,84,56,13,83,90,35,34,19,25,25,64,99
81,91,56,47,83,51,29,28,72,49,97,51,62,88,83,33,1,68,76,58,62,82,35,77,12,46,71,86,42,18,7,75,33,98,33,83,29,79,21,2,15,55,82,53,73,53,23,23,92,18,17,25,39,50,51,22,64,60,50,58,9,93,6,74,93,42,30,46,29,10,22,51,4,4,56,52,37,88,60,1,13,69,70,65,20,40,93,100,51,97,1,57,58,48,1,41,85,19,13,52
77,14,87,54,47,14,54,96,46,60,26,75,64,22,50,19,71,99,49,27,13,18,73,58,52,66,63,84,97,18,71,90,33,4,47,67,7,20,45,38,63,78,60,3,24,69,20,64,18,95,53,13,1,17,93,56,14,13,22,98,100,59,15,66,17,45,99,6,45,96,89,89,6,86,2,6,92,22,92,48,96,88,25,10,14,23,85,1,41,63,2,6,50,19,97,59,49,9,70,31
27,70,70,1,35,56,87,3,42,39,46,4,3,63,42,30,25,79,60,60,12,9,49,100,2,68,50,28,40,47,56,8,91,2,55,79,98,49,89,22,37,30,87,73,61,35,29,33,74,82,16,90,93,97,37,89,83,19,84,30,84,56,61,52,71,80,19,48,21,66,24,78,63,54,43,12,6,36,58,96,93,23,22,28,52,41,58,41,52,30,65,43,26,46,46,46,18,94,96,84
42,95,10,24,18,21,84,49,15,7,26,56,75,97,95,7,24,70,37,88,84,46,32,59,70,19,45,24,98,93,50,13,27,21,62,65,93,70,53,64,69,56,83,74,46,72,75,20,19,67,53,17,23,57,11,85,65,93,47,59,52,14,64,30,51,99,8,98,93,42,22,79,91,25,82,28,54,15,2,75,51,95,40,87,40,28,9,32,73,86,100,97,72,12,63,99,85,100,39,74
64,34,11,14,82,43,16,35,90,96,31,91,88,63,58,9,45,50,66,66,70,72,39,31,10,10,40,46,60,66,71,28,46,57,34,20,52,64,77,14,56,38,21,79,99,84,47,68,3,2,93,59,39,72,89,98,75,52,81,65,23,60,41,88,56,99,47,74,62,12,21,68,45,94,83,58,1,24,38,24,70,3,27,81,5,79,34,10,95,53,30,62,6,65,47,81,6,46,58,27
49,82,84,1,77,98,10,78,4,93,3,11,13,61,84,1,77,51,44,34,2,6,96,59,44,28,68,90,2,43,79,78,12,74,91,36,76,60,37,2,88,61,67,47,24,83,89,66,14,45,12,100,9,27,52,17,93,91,47,12,89,77,71,46,61,18,22,85,82,93,96,66,61,82,38,77,19,45,30,45,35,46,98,31,24,76,73,16,89,70,44,17,11,80,27,6,53,44,90,79
87,25,66,95,12,31,22,22,70,42,77,97,12,9,66,31,18,11,1,75,71,45,35,17,99,71,68,97,56,19,21,81,30,24,70,19,53,73,10,34,68,30,30,99,62,91,76,20,13,36,39,69,74,34,19,53,62,45,36,44,25,55,81,100,12,59,42,77,48,2,80,96,59,50,28,8,90,1,24,15,22,9,27,17,65,16,98,10,27,91,40,76,95,16,42,85,46,17,100,75
2,19,71,14,72,12,44,42,38,97,58,74,17,79,95,1,63,64,66,29,30,21,46,24,18,63,85,29,85,57,57,7,33,93,36,89,52,36,11,94,30,26,17,31,37,72,10,65,7,69,75,33,10,13,22,84,65,87,38,59,69,27,40,10,89,30,93,97,50,72,82,31,64,62,47,60,25,44,75,9,71,85,41,22,51,23,18,100,53,2,47,33,54,20,21,15,86,75,52,48
31,100,80,41,37,13,57,69,38,15,97,3,46,67,70,19,80,34,75,37,77,25,67,9,12,87,71,59,17,88,12,57,18,59,51,42,93,7,52,73,32,49,35,23,15,82,17,72,97,31,17,88,5,39,60,72,48,75,54,16,6,23,71,9,17,16,40,27,53,100,12,21,35,27,54,76,50,34,58,94,6,48,54,57,57,79,28,44,1,11,29,68,35,77,25,39,73,83,69,66
7,100,74,56,78,32,66,81,82,51,70,82,61,71,23,59,50,22,55,87,31,91,49,67,54,69,41,18,7,72,58,66,86,78,74,99,62,46,69,46,56,94,42,70,53,8,100,80,56,55,85,38,88,52,4,26,16,75,14,23,27,63,57,69,40,52,58,13,30,81,50,22,57,14,98,68,28,97,84,15,31,4,65,63,63,15,98,3,42,70,44,35,64,92,8,60,16,1,79,46
96,72,33,51,16,72,49,66,91,1,68,97,40,58,10,54,2,35,7,4,97,43,64,89,17,16,99,61,67,74,33,73,79,53,77,4,95,23,76,3,46,4,75,94,23,52,31,11,26,23,22,28,51,71,66,58,12,21,76,21,91,40,7,18,25,80,51,27,16,45,91,94,29,66,97,30,78,94,7,89,69,8,35,40,8,96,77,54,39,62,87,56,2,92,1,44,42,72,36,75
41,82,88,61,97,33,48,84,43,39,2,10,91,21,68,11,46,24,37,95,94,84,55,99,37,78,39,80,71,34,65,41,63,80,88,98,80,86,52,14,86,13,29,54,85,27,61,90,43,97,20,2,61,58,94,15,95,1,11,37,13,89,2,82,87,27,64,56,42,83,96,11,100,64,21,77,18,60,96,37,34,64,12,85,80,81,15,15,63,38,15,13,21,67,23,33,16,54,33,34
14,34,44,91,33,26,41,31,37,23,27,35,11,37,6,100,43,4,32,7,28,37,4,87,61,91,100,40,92,94,17,70,32,48,18,67,62,3,39,96,100,36,84,45,94,37,94,85,42,80,55,78,26,18,83,65,55,75,74,77,86,1,64,98,79,56,92,74,63,95,67,33,45,59,69,23,12,80,62,19,42,100,38,33,54,3,76,10,80,65,16,86,99,43,26,88,89,29,81,1
17,14,61,72,49,23,17,6,20,58,48,98,13,86,76,79,6,86,13,72,10,43,26,19,5,72,41,2,55,39,69,77,29,99,72,65,75,66,13,100,21,14,23,23,26,53,58,88,33,98,67,71,83,22,92,55,5,19,76,18,33,47,91,16,32,37,39,58,86,67,2,63,80,13,1,11,64,95,55,8,57,93,45,74,26,94,34,68,85,66,48,2,97,100,24,54,61,32,63,31
14,39,44,8,30,13,26,93,43,97,51,95,87,91,4,67,51,91,93,26,90,91,77,79,36,62,29,46,1,9,41,93,38,51,51,20,23,38,22,37,44,37,25,59,42,29,90,36,8,59,85,73,73,87,77,88,10,46,92,63,32,13,90,96,98,32,15,11,81,81,76,48,58,38,91,35,48,49,69,28,78,14,16,92,38,69,90,25,54,64,55,48,21,95,64,26,6,26,71,86
66,76,29,46,17,88,75,41,21,63,19,70,51,10,16,10,49,12,19,99,29,94,83,16,78,53,10,92,23,65,61,38,82,82,44,81,35,35,19,49,41,53,84,8,68,92,59,99,88,33,82,48,5,96,24,54,8,52,72,67,31,4,40,68,92,55,42,66,83,81,46,72,11,3,83,66,38,81,46,35,18,42,11,53,11,51,38,19,47,23,16,71,31,20,97,12,1,97,24,95
8,75,9,48,17,6,40,31,18,100,15,1,86,38,81,62,49,96,31,70,46,65,99,7,76,84,55,34,1,38,15,55,16,70,40,40,75,35,60,76,58,12,27,6,28,83,74,16,82,99,92,79,53,88,18,44,46,94,52,3,96,83,23,82,53,21,99,27,95,71,4,61,6,34,19,27,68,83,60,12,51,69,30,42,25,49,16,71,82,50,14,100,73,23,35,18,1,78,64,59
40,26,67,75,55,31,62,61,79,23,31,48,68,78,96,89,4,99,39,34,12,22,8,43,1,36,98,58,22,10,46,88,66,17,21,76,18,7,9,68,99,4,34,21,83,22,26,57,44,34,89,98,76,2,88,54,34,28,38,61,14,28,36,43,7,8,38,13,69,11,29,30,65,39,74,70,29,10,20,25,36,24,79,5,29,43,33,38,48,65,28,30,29,88,96,27,91,78,66,74
84,74,96,12,88,92,23,49,20,4,82,25,87,84,86,10,39,21,33,33,24,60,38,52,50,66,95,54,4,63,43,24,49,89,31,58,88,14,8,57,61,11,84,94,75,44,36,99,3,78,32,30,3,90,55,90,13,84,49,78,4,27,23,49,72,60,77,32,78,100,10,91,74,100,75,26,23,19,26,54,33,24,14,80,14,43,64,55,49,77,6,52,18,1,64,65,36,82,86,82
1,1,39,79,20,50,4,22,48,39,25,29,68,71,18,61,86,96,95,52,79,46,79,66,48,74,52,79,88,92,35,70,87,22,52,84,26,52,29,54,23,76,67,98,88,44,57,18,52,44,90,53,83,74,96,35,41,23,52,88,16,5,17,40,21,13,69,85,41,64,65,51,32,44,28,89,39,28,20,13,80,48,4,22,67,2,46,24,22,30,90,29,79,84,31,8,44,49,50,54
21,80,54,39,77,48,29,37,81,94,1,46,28,78,39,25,14,81,22,42,18,51,16,89,3,2,57,30,46,58,21,6,5,32,85,56,67,73,16,75,55,81,68,47,9,54,35,4,23,34,12,28,53,11,55,14,43,6,5,3,91,21,3,20,80,76,8,26,96,76,12,83,34,5,3,86,94,49,67,24,72,6,47,41,71,96,18,21,53,55,49,23,100,37,15,76,79,8,21,71
82,68,28,9,87,78,9,30,72,88,39,11,69,34,92,43,2,10,85,96,86,79,58,58,48,1,75,46,25,5,14,7,42,15,9,20,65,50,10,9,3,13,79,19,22,20,42,89,70,98,26,39,66,70,94,85,55,8,83,47,93,49,15,70,37,11,27,15,86,36,62,85,82,43,32,62,81,25,39,40,58,36,97,24,43,45,29,14,11,68,70,95,54,15,49,92,10,74,95,33
53,15,99,76,78,70,27,16,65,78,72,85,66,82,34,69,9,20,67,46,13,61,30,84,26,92,52,97,31,18,30,56,22,89,77,43,44,45,91,75,22,96,92,86,36,79,89,39,58,64,74,33,49,92,70,26,36,77,87,17,65,77,58,46,90,58,32,55,69,84,40,46,13,11,22,54,97,84,38,69,78,26,7,87,93,49,66,42,51,63,92,24,71,56,84,99,77,41,54,33
55,44,61,89,83,80,14,12,62,66,1,74,84,75,16,9,92,70,23,26,80,83,88,22,23,48,13,61,67,61,43,42,97,79,1,83,68,73,60,8,4,78,18,97,92,28,15,63,71,84,89,63,35,78,6,70,14,79,75,92,83,33,65,59,79,18,54,100,31,55,15,90,75,80,23,13,95,95,98,43,39,12,39,83,22,13,27,59,88,55,98,38,100,28,33,38,62,96,35,18
91,21,53,4,67,6,98,78,6,93,14,8,43,32,51,2,56,13,81,48,35,81,86,28,62,43,63,9,20,3,49,69,2,70,32,86,69,34,94,53,39,44,2,59,46,14,100,57,55,56,27,3,16,78,15,68,21,84,51,5,43,30,75,58,94,89,18,98,4,5,76,44,33,28,5,80,85,32,56,20,84,4,34,33,83,67,50,52,40,52,40,59,21,98,47,81,33,66,18,89
92,19,4,42,77,57,18,94,46,1,89,56,89,99,63,38,19,32,93,94,90,92,25,39,29,54,24,18,99,76,33,17,16,77,29,64,11,73,36,56,63,82,88,44,76,67,67,85,69,93,45,52,41,57,56,61,80,56,53,32,82,95,32,18,55,17,25,69,67,28,42,66,18,60,92,71,14,32,80,78,54,27,78,46,97,92,1,86,90,55,28,90,92,40,57,7,10,2,51,67
13,97,5,26,64,84,91,5,62,37,61,98,37,31,31,61,92,25,80,11,69,44,90,26,33,57,17,13,53,37,45,9,4,5,36,90,39,2,90,35,85,60,53,48,44,17,57,100,64,24,37,2,70,57,86,3,23,54,46,27,26,4,96,63,38,56,81,77,35,93,43,80,76,85,5,72,12,47,10,74,17,48,11,21,14,43,5,97,4,12,85,60,89,89,82,36,15,24,50,13
14,79,40,59,96,69,42,32,84,58,50,23,50,87,96,11,12,1,59,79,16,31,99,95,91,53,5,78,31,1,3,66,78,28,15,22,3,4,19,51,100,19,83,68,56,63,30,99,33,92,21,98,14,26,6,4,70,58,89,70,4,96,25,2,43,70,12,38,5,54,19,71,33,45,64,30,7,15,87,71,50,33,92,100,66,49,70,11,27,5,51,42,37,40,70,64,15,30,20,27
80,31,72,82,37,32,69,11,16,37,32,98,17,57,66,71,96,62,24,70,100,45,2,85,100,35,60,75,30,72,12,64,38,43,75,96,37,54,60,3,27,80,3,22,10,20,95,33,72,24,8,4,97,83,40,35,9,13,20,2,54,32,80,23,40,74,95,90,61,29,29,16,65,88,62,100,6,58,30,4,100,30,59,13,65,51,66,65,18,95,78,95,53,3,16,83,30,48,33,53
68,51,62,66,65,66,99,13,98,29,99,50,66,56,87,90,2,52,21,91,60,53,83,78,76,9,62,32,89,43,24,13,50,51,98,71,48,6,65,27,64,56,21,38,10,77,94,27,14,43,8,74,58,26,40,29,1,12,25,65,19,100,87,59,91,73,51,29,9,14,76,10,23,62,81,54,6,69,29,61,71,42,78,65,80,12,69,68,1,7,100,78,21,33,61,58,63,5,24,66
91,38,51,73,80,61,88,74,57,27,60,95,29,44,48,10,47,17,13,98,9,98,23,10,67,5,56,35,32,3,4,4,100,26,59,42,54,21,45,93,13,28,55,27,19,84,51,76,62,94,97,20,16,97,80,92,21,77,9,73,52,65,75,28,55,64,50,18,92,2,10,71,68,55,49,28,74,25,21,16,44,48,75,93,49,32,56,51,78,94,40,81,90,41,30,60,70,94,100,79
71,54,2,12,24,6,28,19,33,74,22,38,23,22,42,26,45,25,18,11,30,25,38,18,96,2,75,59,88,99,72,34,20,97,79,84,55,33,17,90,91,26,72,46,57,88,33,14,64,21,58,18,25,95,87,46,15,25,69,42,35,19,22,46,47,59,31,85,30,96,3,77,64,33,81,88,35,98,39,21,12,40,22,73,78,54,64,69,12,47,87,17,37,37,5,60,96,86,93,43
4,77,90,68,70,41,19,42,79,70,2,82,58,51,14,49,27,6,23,8,29,36,87,22,5,17,9,87,95,49,18,43,63,8,56,97,25,80,10,19,32,99,1,16,50,75,73,62,12,35,78,85,86,76,86,71,1,15,57,3,27,34,43,13,19,20,11,32,56,95,66,58,12,97,74,65,72,41,32,86,100,92,72,59,68,2,25,17,89,20,96,95,2,24,64,28,18,85,80,37
51,87,61,25,45,17,9,97,66,51,12,8,72,98,38,51,21,77,13,39,5,2,84,69,81,71,75,32,65,30,67,4,94,96,61,37,74,78,33,89,83,99,81,64,75,94,64,63,93,52,74,64,81,61,44,16,68,35,66,42,34,2,31,53,9,24,46,20,45,85,12,77,9,6,54,54,71,92,32,22,85,60,51,99,48,43,27,68,45,63,33,83,37,23,18,95,53,26,99,14
92,89,96,46,16,31,88,22,55,30,47,24,30,84,32,48,76,68,21,68,13,9,99,7,86,79,66,79,61,85,76,49,66,63,74,39,89,60,18,56,17,39,42,33,30,8,61,15,63,11,52,87,13,47,85,34,68,26,77,79,24,41,85,2,88,13,71,21,63,64,71,53,20,68,2,69,71,42,13,69,64,86,81,65,10,64,19,97,82,19,54,35,40,11,74,92,30,9,26,66
12,97,90,94,53,84,72,35,42,97,21,18,85,61,64,40,72,44,53,19,36,96,16,60,52,65,70,54,51,61,74,1,66,9,44,65,31,65,15,75,85,28,5,54,83,26,59,42,16,24,33,22,29,85,35,50,68,67,44,89,5,57,97,11,53,72,41,88,83,88,46,27,44,45,84,16,70,73,95,19,11,35,70,2,46,94,78,73,44,93,31,86,67,82,45,99,68,1,44,54
90,2,26,25,84,90,27,48,97,64,30,100,80,34,11,5,24,32,78,86,32,21,93,68,79,26,39,86,83,91,36,65,56,14,69,98,60,80,53,75,82,90,2,86,24,11,20,35,10,26,56,97,34,36,62,12,75,48,44,24,54,46,85,37,90,21,59,57,1,13,78,77,52,96,55,34,76,64,73,71,20,3,60,11,59,65,50,75,33,80,4,90,57,31,96,96,26,94,75,11
65,69,98,84,7,3,68,88,29,60,2,92,51,18,77,67,45,6,95,49,64,61,40,37,17,8,68,12,87,19,62,58,92,100,86,95,10,31,90,41,39,44,30,81,65,29,6,89,20,38,46,32,19,10,45,72,86,81,46,55,23,74,25,96,41,58,75,50,96,7,40,4,25,53,75,7,50,31,90,26,87,35,30,63,94,15,95,82,55,79,35,26,43,30,62,39,53,44,7,1
14,58,2,45,47,76,70,35,3,7,9,40,93,70,53,98,41,86,9,8,69,83,72,95,57,15,2,50,68,87,45,34,92,93,67,7,90,100,33,1,82,91,92,61,31,63,81,29,31,39,62,19,81,26,23,14,6,56,21,26,60,93,31,77,45,79,56,77,86,19,39,47,68,37,18,54,14,31,70,16,8,78,67,52,96,71,89,3,35,85,89,45,56,4,93,45,85,44,70,82
6,51,94,75,46,21,60,77,75,9,94,65,87,75,82,58,82,16,42,43,33,92,79,34,40,26,97,19,34,43,47,3,97,14,4,91,38,10,5,26,26,70,71,76,64,76,95,4,7,68,7,42,13,72,80,30,77,80,47,56,56,48,23,61,95,77,91,95,29,50,30,85,5,97,8,59,38,92,90,28,40,28,79,17,15,77,62,83,71,13,90,65,18,89,59,90,36,39,69,43
55,36,64,36,62,97,16,44,10,11,18,39,37,97,99,80,86,36,64,11,83,89,27,80,84,94,8,65,52,100,22,16,53,56,92,60,17,39,96,9,30,10,63,74,48,80,26,16,60,96,81,40,37,23,54,14,13,14,15,84,82,78,28,63,63,87,39,91,28,85,15,29,79,38,21,75,38,47,34,65,43,39,13,60,91,93,1,77,31,93,90,77,51,45,19,79,35,16,61,97
60,74,46,78,80,43,41,81,69,86,80,24,78,95,89,35,44,36,90,12,32,49,41,13,9,32,72,92,41,42,60,57,97,43,40,36,86,97,92,17,3,81,47,26,78,60,75,100,83,73,61,54,67,43,83,89,16,39,41,85,50,10,37,74,39,4,83,57,4,64,67,66,100,42,8,1,3,89,51,24,35,21,23,36,75,38,29,63,66,38,60,100,50,83,12,35,2,98,66,61
